timestep	num_particles	potential_energy	kinetic_energy	temperature
0	1998	0	0	0
100	1998	0	28.03764386	0.2336470321
200	1998	0	34.66841475	0.2889034563
300	1998	0	41.23014145	0.3435845121
400	1998	0	43.38531722	0.3615443102
500	1998	0	52.69055576	0.4390879647
600	1998	0	49.20746134	0.4100621778
700	1998	0	48.56430744	0.404702562
800	1998	0	41.87679423	0.3489732852
900	1998	0	40.56169979	0.338014165
1000	1998	0	50.80193413	0.4233494511
1100	1998	0	56.90821194	0.4742350995
1200	1998	0	56.06963201	0.4672469334
1300	1998	0	47.3051737	0.3942097808
1400	1998	0	35.48853337	0.2957377781
1500	1998	0	52.72430358	0.4393691965
1600	1998	0	46.20397793	0.3850331494
1700	1998	0	49.56913386	0.4130761155
1800	1998	0	45.7050321	0.3808752675
1900	1998	0	55.70074072	0.4641728393
2000	1998	0	57.0096405	0.4750803375
2100	1998	0	58.75294836	0.489607903
2200	1998	0	47.04195255	0.3920162713
2300	1998	0	50.76094118	0.4230078432
2400	1998	0	48.77370007	0.4064475006
2500	1998	0	59.03806762	0.4919838968
2600	1998	0	58.23990179	0.4853325149
2700	1998	0	50.44963049	0.4204135874
2800	1998	0	39.20010176	0.3266675146
2900	1998	0	42.38342444	0.3531952036
3000	1998	0	48.94695844	0.4078913203
3100	1998	0	56.11558217	0.4676298515
3200	1998	0	59.31878094	0.4943231745
3300	1998	0	40.86012856	0.3405010713
3400	1998	0	45.29189277	0.3774324397
3500	1998	0	48.60749581	0.4050624651
3600	1998	0	50.13252645	0.4177710537
3700	1998	0	51.54771378	0.4295642815
3800	1998	0	54.22874572	0.4519062144
3900	1998	0	59.76691813	0.4980576511
4000	1998	0	52.45184718	0.4370987265
4100	1998	0	53.91426041	0.4492855034
4200	1998	0	60.3642327	0.5030352725
4300	1998	0	49.82921858	0.4152434882
4400	1998	0.1212451876	50.79512561	0.4232927134
4500	1998	0	59.43436992	0.495286416
4600	1998	0	53.33567366	0.4444639472
4700	1998	0	47.49923388	0.395826949
4800	1998	0	46.91629951	0.3909691626
4900	1998	0	56.34734678	0.4695612231
5000	1998	0	65.59642262	0.5466368551
5100	1998	0.05195931111	53.08068162	0.4423390135
5200	1998	0	59.11281524	0.4926067937
5300	1998	0	54.84346443	0.4570288702
5400	1998	0	63.36776407	0.5280647006
5500	1998	0	59.69066632	0.4974222193
5600	1998	0	56.59386137	0.4716155114
5700	1998	0	62.79724171	0.5233103476
5800	1998	0	66.69790597	0.5558158831
5900	1998	0	69.55419779	0.5796183149
6000	1998	0	59.88256674	0.4990213895
6100	1998	0	56.21706583	0.4684755486
6200	1998	0	56.66546607	0.4722122173
6300	1998	0	60.53685635	0.504473803
6400	1998	0	60.70307201	0.5058589334
6500	1998	0	62.24235569	0.5186862975
6600	1998	0	68.46727629	0.5705606357
6700	1998	0	65.10435612	0.542536301
6800	1998	0	55.67243026	0.4639369188
6900	1998	0	55.02848365	0.4585706971
7000	1998	0	58.21251724	0.4851043104
7100	1998	0	65.75341926	0.5479451605
7200	1998	0	67.34664698	0.5612220581
7300	1998	0	56.23439697	0.4686199748
7400	1998	0	57.50959093	0.4792465911
7500	1998	0	57.54789419	0.4795657849
7600	1998	0	54.96702688	0.4580585573
7700	1998	0	48.83432126	0.4069526772
7800	1998	0	51.50217711	0.4291848093
7900	1998	0	43.12982862	0.3594152385
8000	1998	0	55.08128063	0.4590106719
8100	1998	0	60.99198247	0.5082665206
8200	1998	0.3307237127	57.45411963	0.4787843303
8300	1998	0	59.25849282	0.4938207735
8400	1998	0	49.58924236	0.4132436863
8500	1998	0	60.75909107	0.5063257589
8600	1998	0	63.24661469	0.5270551224
8700	1998	0	66.07418371	0.5506181976
8800	1998	0	54.13196579	0.4510997149
8900	1998	0	56.38444357	0.469870363
9000	1998	0	67.66986386	0.5639155321
9100	1998	0	67.6929784	0.5641081534
9200	1998	0	68.90166025	0.5741805021
9300	1998	0	73.76884698	0.6147403915
9400	1998	0	60.01747246	0.5001456038
9500	1998	0	57.49921288	0.4791601073
9600	1998	0	60.97812237	0.5081510198
9700	1998	0	80.07653296	0.6673044413
9800	1998	0	61.00905306	0.5084087755
9900	1998	0	59.91184889	0.4992654074
10000	1998	0	54.42866423	0.453572202
10100	1998	0	58.38044015	0.4865036679
10200	1998	0	68.22157674	0.5685131395
10300	1998	0	64.50611681	0.5375509734
10400	1998	0	63.24737608	0.5270614673
10500	1998	0	59.96713854	0.4997261545
10600	1998	0	55.9463618	0.4662196816
10700	1998	0	55.73701002	0.4644750835
10800	1998	0	55.19412823	0.4599510686
10900	1998	0	67.86336032	0.5655280027
11000	1998	0	61.66819445	0.5139016204
11100	1998	0	59.6640871	0.4972007259
11200	1998	0	53.25422157	0.4437851798
11300	1998	0	61.46489428	0.5122074523
11400	1998	0	65.07586023	0.5422988352
11500	1998	0	61.39125809	0.5115938174
11600	1998	0.04056606736	55.68866082	0.4640721735
11700	1998	0	58.28561222	0.4857134351
11800	1998	0	58.47793449	0.4873161207
11900	1998	0	55.1346734	0.4594556117
12000	1998	0	53.51303725	0.4459419771
12100	1998	0	56.24884704	0.468740392
12200	1998	0	72.08569497	0.6007141248
12300	1998	0	68.53255317	0.5711046098
12400	1998	0.03733690623	67.33485027	0.5611237522
12500	1998	0	68.68069896	0.572339158
12600	1998	0	63.37985706	0.5281654755
12700	1998	0	49.69310588	0.4141092157
12800	1998	0	53.27372448	0.443947704
12900	1998	0	56.18950641	0.4682458868
13000	1998	0	50.94280912	0.4245234094
13100	1998	0	46.46729705	0.3872274755
13200	1998	0.161867491	60.79323956	0.5066103297
13300	1998	0	59.12514571	0.4927095476
13400	1998	0	55.7179387	0.4643161558
13500	1998	0	59.99047275	0.4999206062
13600	1998	0	52.87108201	0.4405923501
13700	1998	0	59.87377971	0.4989481643
13800	1998	0	60.8072435	0.5067270291
13900	1998	0	55.68594806	0.4640495672
14000	1998	0	54.50416605	0.4542013838
14100	1998	0	51.86095666	0.4321746388
14200	1998	0	59.155746	0.49296455
14300	1998	0	57.91466624	0.4826222186
14400	1998	0	61.51990861	0.5126659051
14500	1998	0	62.9515562	0.5245963017
14600	1998	0	57.76959739	0.4814133116
14700	1998	0	57.6250766	0.4802089717
14800	1998	0	59.47828682	0.4956523902
14900	1998	0	59.69253595	0.4974377996
15000	1998	0	49.77661888	0.4148051573
15100	1998	0	55.08404892	0.459033741
15200	1998	0	61.34328736	0.5111940613
15300	1998	0	57.81741325	0.4818117771
15400	1998	0	53.71111996	0.4475926663
15500	1998	0	64.59561513	0.5382967928
15600	1998	0	61.02741533	0.5085617944
15700	1998	0	65.03491057	0.5419575881
15800	1998	0	67.99213672	0.5666011394
15900	1998	0	70.42472546	0.5868727122
16000	1998	0	53.35926492	0.444660541
16100	1998	0	54.28494572	0.4523745477
16200	1998	0	59.78521862	0.4982101551
16300	1998	0.2697727631	55.37767166	0.4614805972
16400	1998	0	50.58304192	0.4215253494
16500	1998	0	55.96434834	0.4663695695
16600	1998	0	77.51084695	0.6459237246
16700	1998	0	72.9348099	0.6077900825
16800	1998	0	75.11772689	0.6259810574
16900	1998	0	70.30415318	0.5858679432
17000	1998	0	68.69400778	0.5724500648
17100	1998	0	72.3901027	0.6032508559
17200	1998	0	69.97447066	0.5831205888
17300	1998	0	78.08552601	0.6507127168
17400	1998	0	67.06725428	0.5588937857
17500	1998	0	80.6456199	0.6720468325
17600	1998	0	75.72653178	0.6310544315
17700	1998	0	66.53296812	0.554441401
17800	1998	0	62.69225251	0.5224354376
17900	1998	0	73.6588497	0.6138237475
18000	1998	0	70.43593385	0.5869661154
18100	1998	0	72.87060725	0.6072550604
18200	1998	0	61.54617884	0.5128848237
18300	1998	0	59.57312606	0.4964427171
18400	1998	0	63.03223715	0.5252686429
18500	1998	0	62.16116676	0.518009723
18600	1998	0	73.22654125	0.6102211771
18700	1998	0	79.44867251	0.6620722709
18800	1998	0	80.57826789	0.6714855657
18900	1998	0	75.76973628	0.631414469
19000	1998	0	72.71354002	0.6059461669
19100	1998	0	82.69664053	0.6891386711
19200	1998	0	71.8782228	0.59898519
19300	1998	0	75.07322013	0.6256101678
19400	1998	0	71.99042969	0.5999202475
19500	1998	0	87.42598648	0.7285498874
19600	1998	0	75.80070944	0.6316725787
19700	1998	0	85.81250685	0.7151042237
19800	1998	0	73.81738199	0.6151448499
19900	1998	0	69.23147189	0.5769289324
20000	1998	0	69.23198839	0.5769332366
20100	1998	0	79.50371479	0.6625309566
20200	1998	0	82.40573868	0.686714489
20300	1998	0	77.45568787	0.6454640656
20400	1998	0	70.64900761	0.5887417301
20500	1998	0	65.93142874	0.5494285728
20600	1998	0.007941687345	60.02407227	0.5002006022
20700	1998	0	63.34050986	0.5278375822
20800	1998	0	78.27640202	0.6523033502
20900	1998	0	66.35513838	0.5529594865
21000	1998	0	78.44192832	0.653682736
21100	1998	0	81.13600661	0.6761333884
21200	1998	0	80.05768641	0.6671473867
21300	1998	0	77.2458718	0.6437155984
21400	1998	0	75.50912103	0.6292426752
21500	1998	0	82.15536948	0.684628079
21600	1998	0	80.52370008	0.671030834
21700	1998	0	91.62279977	0.7635233314
21800	1998	0	79.48435826	0.6623696522
21900	1998	0	81.05615744	0.6754679787
22000	1998	0	78.26730348	0.652227529
22100	1998	0	83.17740662	0.6931450552
22200	1998	0	69.92220236	0.5826850197
22300	1998	0	77.88659417	0.6490549514
22400	1998	0	79.35126026	0.6612605021
22500	1998	0	75.36922961	0.6280769134
22600	1998	0	71.01094783	0.5917578985
22700	1998	0	72.28451683	0.6023709735
22800	1998	0.9125040946	81.27179338	0.6772649449
22900	1998	0	76.52919216	0.637743268
23000	1998	0	70.22268641	0.5851890535
23100	1998	0	79.67836942	0.6639864119
23200	1998	0	89.97887655	0.7498239712
23300	1998	0	78.67484097	0.6556236748
23400	1998	0	74.28389768	0.6190324807
23500	1998	0	73.5939896	0.6132832467
23600	1998	0	69.54547651	0.5795456376
23700	1998	0	71.7814128	0.59817844
23800	1998	0	73.25983813	0.6104986511
23900	1998	0	78.04205183	0.6503504319
24000	1998	0	77.79567769	0.6482973141
24100	1998	0	78.2300414	0.6519170117
24200	1998	0	70.4106372	0.58675531
24300	1998	0	71.1241276	0.5927010633
24400	1998	0	67.3587014	0.5613225117
24500	1998	0	70.09010378	0.5840841982
24600	1998	0	71.96237945	0.5996864954
24700	1998	0	83.88514818	0.6990429015
24800	1998	0	90.31979091	0.7526649243
24900	1998	0	78.72012114	0.6560010095
25000	1998	0	76.18871052	0.634905921
25100	1998	0	73.95343905	0.6162786588
25200	1998	0	71.1897994	0.5932483284
25300	1998	0	77.75251505	0.6479376254
25400	1998	0	81.31649032	0.6776374194
25500	1998	0	71.67213262	0.5972677718
25600	1998	0	64.28963129	0.5357469274
25700	1998	0	67.60764426	0.5633970355
25800	1998	0	66.34675124	0.5528895937
25900	1998	0	65.17874346	0.5431561955
26000	1998	0	67.12184613	0.5593487178
26100	1998	0	63.09205497	0.5257671248
26200	1998	0	64.34305602	0.5361921335
26300	1998	0	66.53962973	0.5544969144
26400	1998	0	68.92000534	0.5743333778
26500	1998	0	74.04801966	0.6170668305
26600	1998	0.6227911492	71.31616978	0.5943014148
26700	1998	0	66.17116492	0.5514263743
26800	1998	0	66.34180107	0.5528483422
26900	1998	0	73.86429025	0.6155357521
27000	1998	0	76.52614955	0.6377179129
27100	1998	0	73.66357071	0.6138630892
27200	1998	0	68.01478764	0.566789897
27300	1998	0	61.64182711	0.5136818925
27400	1998	0.07383687258	71.0880403	0.5924003358
27500	1998	0	67.20840221	0.5600700184
27600	1998	0	63.74754141	0.5312295118
27700	1998	0	70.24521158	0.5853767631
27800	1998	0	71.12980648	0.5927483874
27900	1998	0	59.91016744	0.4992513954
28000	1998	0	63.73866216	0.531155518
28100	1998	0	69.47663524	0.5789719603
28200	1998	0	83.94421818	0.6995351515
28300	1998	0	55.0092476	0.4584103967
28400	1998	0	67.52712315	0.5627260262
28500	1998	0	76.98930556	0.6415775463
28600	1998	0	72.6257275	0.6052143958
28700	1998	0	76.69127494	0.6390939578
28800	1998	0	67.02328083	0.5585273403
28900	1998	0	77.73375759	0.6477813132
29000	1998	0	75.2068337	0.6267236142
29100	1998	0	76.43788717	0.6369823931
29200	1998	0	69.80276175	0.5816896812
29300	1998	0	64.80613136	0.5400510946
29400	1998	0	69.82612855	0.5818844046
29500	1998	0	71.38980084	0.594915007
29600	1998	0	70.65211415	0.5887676179
29700	1998	0	75.14730674	0.6262275562
29800	1998	0	80.31808483	0.6693173735
29900	1998	0	65.64636966	0.5470530805
30000	1998	0	65.10365585	0.5425304654
30100	1998	0	83.6155151	0.6967959592
30200	1998	0	68.54076423	0.5711730352
30300	1998	0	71.57692748	0.5964743956
30400	1998	0	77.0728591	0.6422738258
30500	1998	0	76.55709019	0.6379757516
30600	1998	0	72.45057624	0.603754802
30700	1998	0	69.42350327	0.5785291939
30800	1998	0	71.70646561	0.5975538801
30900	1998	0	61.38776834	0.5115647362
31000	1998	0	75.39483193	0.6282902661
31100	1998	0	67.98718792	0.5665598993
31200	1998	0	70.60604515	0.5883837096
31300	1998	0	66.27759632	0.5523133026
31400	1998	0	68.80537059	0.5733780883
31500	1998	0	71.71271263	0.5976059385
31600	1998	0	68.3722537	0.5697687808
31700	1998	0	68.32675952	0.5693896626
31800	1998	0	75.72427065	0.6310355887
31900	1998	0	76.15012158	0.6345843465
32000	1998	0	71.80950468	0.598412539
32100	1998	0	72.03944562	0.6003287135
32200	1998	0.04710124222	72.49538264	0.6041281887
32300	1998	0	84.42305729	0.7035254774
32400	1998	0	76.14215832	0.634517986
32500	1998	0.2018885188	72.45548272	0.6037956894
32600	1998	0	83.72971246	0.6977476038
32700	1998	0	72.86514199	0.6072095166
32800	1998	0	89.58609988	0.7465508323
32900	1998	0	73.6203024	0.61350252
33000	1998	0	77.43955502	0.6453296252
33100	1998	0	76.25548461	0.6354623717
33200	1998	0	73.49632849	0.6124694041
33300	1998	0	74.39971526	0.6199976271
33400	1998	0	70.68868002	0.5890723335
33500	1998	0	79.6927434	0.664106195
33600	1998	0	72.13657695	0.6011381413
33700	1998	0	70.10620191	0.5842183492
33800	1998	0	69.41456474	0.5784547062
33900	1998	0	83.77456065	0.6981213387
34000	1998	0	81.31919648	0.6776599707
34100	1998	0	79.99467337	0.666622278
34200	1998	0	70.71845425	0.5893204521
34300	1998	0	62.21742386	0.5184785321
34400	1998	0	73.02518807	0.6085432339
34500	1998	0	80.90721803	0.6742268169
34600	1998	0	74.76389101	0.6230324251
34700	1998	0	72.85454295	0.6071211912
34800	1998	0	68.82554517	0.5735462098
34900	1998	0	68.52768123	0.5710640103
35000	1998	0	75.6065421	0.6300545175
35100	1998	0	81.50187216	0.679182268
35200	1998	0	68.78596717	0.5732163931
35300	1998	0	68.62131641	0.5718443034
35400	1998	0	68.30501379	0.5692084482
35500	1998	0	68.26073885	0.5688394904
35600	1998	0	70.11325762	0.5842771469
35700	1998	0	60.24021463	0.5020017886
35800	1998	0	59.79242631	0.4982702193
35900	1998	0	77.09485985	0.6424571654
36000	1998	0	63.11097648	0.525924804
36100	1998	0	79.06884577	0.6589070481
36200	1998	0	73.05998822	0.6088332352
36300	1998	0	73.00012612	0.6083343844
36400	1998	0	72.13984178	0.6011653482
36500	1998	0	57.3913881	0.4782615675
36600	1998	0	50.28327017	0.4190272514
36700	1998	0	65.44977321	0.5454147768
36800	1998	0	67.22262371	0.5601885309
36900	1998	0	62.8806708	0.52400559
37000	1998	0	72.3905523	0.6032546025
37100	1998	0	63.14382923	0.5261985769
37200	1998	0	83.0838448	0.6923653733
37300	1998	0	66.53483813	0.5544569844
37400	1998	0	64.40895904	0.5367413254
37500	1998	0	69.23589971	0.5769658309
37600	1998	0	75.95233231	0.6329361026
37700	1998	0	64.39428337	0.5366190281
37800	1998	0	73.42613639	0.6118844699
37900	1998	0	76.44245657	0.6370204714
38000	1998	0	72.2512156	0.6020934633
38100	1998	0	75.0067433	0.6250561942
38200	1998	0	69.67807055	0.5806505879
38300	1998	0	67.37370818	0.5614475682
38400	1998	0	67.62793966	0.5635661639
38500	1998	0	75.26074721	0.6271728934
38600	1998	0.7352646531	68.3244416	0.5693703467
38700	1998	0.07019819622	73.70292791	0.6141910659
38800	1998	0	71.87725462	0.5989771218
38900	1998	0	85.72219892	0.7143516577
39000	1998	0	87.63047129	0.7302539274
39100	1998	0	81.72364791	0.6810303993
39200	1998	0	83.03197849	0.6919331541
39300	1998	0	89.60540016	0.746711668
39400	1998	0	83.57103354	0.6964252795
39500	1998	0	84.934211	0.7077850917
39600	1998	0	87.08639171	0.7257199309
39700	1998	0	88.02332306	0.7335276922
39800	1998	0	77.39824284	0.644985357
39900	1998	0	85.65156734	0.7137630611
40000	1998	0	81.96865785	0.6830721488
40100	1998	0	91.07466251	0.7589555209
40200	1998	0	92.30546528	0.7692122106
40300	1998	0.07747015671	85.17377671	0.7097814726
40400	1998	0	83.3037037	0.6941975308
40500	1998	0	74.23846772	0.6186538977
40600	1998	0	73.29299374	0.6107749479
40700	1998	0	85.25623882	0.7104686568
40800	1998	0	78.5320141	0.6544334509
40900	1998	0	81.25878352	0.6771565293
41000	1998	0	77.71963821	0.6476636518
41100	1998	0	75.83050935	0.6319209113
41200	1998	0	91.30625251	0.7608854375
41300	1998	0	85.76205211	0.7146837676
41400	1998	0	89.44374891	0.7453645743
41500	1998	0	82.10261142	0.6841884285
41600	1998	0	75.20292389	0.6266910324
41700	1998	0	74.54992248	0.621249354
41800	1998	0	81.4378922	0.6786491017
41900	1998	0	78.8170631	0.6568088592
42000	1998	0	83.66674858	0.6972229048
42100	1998	0	79.92680023	0.6660566686
42200	1998	0	89.72214344	0.7476845287
42300	1998	0	74.92210232	0.6243508527
42400	1998	0	80.52145676	0.6710121397
42500	1998	0	73.66415026	0.6138679188
42600	1998	0	81.23902255	0.6769918546
42700	1998	0	86.9917444	0.7249312034
42800	1998	0	83.3460705	0.6945505875
42900	1998	0	77.85478135	0.6487898446
43000	1998	0	76.32138897	0.6360115747
43100	1998	0	78.99622375	0.6583018646
43200	1998	0	85.09550689	0.7091292241
43300	1998	0	87.46677149	0.7288897624
43400	1998	0	75.65861236	0.6304884363
43500	1998	0	73.07549188	0.6089624324
43600	1998	4.220006878	78.00136008	0.650011334
43700	1998	0	79.1583921	0.6596532675
43800	1998	0	80.53372366	0.6711143639
43900	1998	0	80.62467441	0.6718722868
44000	1998	0	86.78936135	0.7232446779
44100	1998	0	75.35535406	0.6279612838
44200	1998	0	76.33299659	0.636108305
44300	1998	0	70.0867997	0.5840566642
44400	1998	0	67.86546863	0.5655455719
44500	1998	0	70.09042742	0.5840868952
44600	1998	0	89.31717967	0.7443098306
44700	1998	0	79.88221616	0.6656851346
44800	1998	0	76.43088347	0.6369240289
44900	1998	0	79.85660808	0.665471734
45000	1998	0	87.90893228	0.7325744357
45100	1998	0	79.39998804	0.661666567
45200	1998	0	72.39272485	0.6032727071
45300	1998	0	73.03260824	0.6086050686
45400	1998	0	66.11626866	0.5509689055
45500	1998	0	83.24461275	0.6937051063
45600	1998	0.07420239829	82.60551226	0.6883792688
45700	1998	0	85.98492594	0.7165410495
45800	1998	0	84.73143745	0.7060953121
45900	1998	0.02946887247	77.1015525	0.6425129375
46000	1998	0	99.03306894	0.8252755745
46100	1998	0.03910685996	92.63546555	0.7719622129
46200	1998	0	74.28255036	0.619021253
46300	1998	0	72.60229088	0.6050190906
46400	1998	0	68.33458528	0.5694548774
46500	1998	0	72.83950559	0.6069958799
46600	1998	0	82.05894031	0.6838245026
46700	1998	0	79.41715168	0.6618095973
46800	1998	0	76.62229873	0.6385191561
46900	1998	0.103011088	75.44590764	0.628715897
47000	1998	0	79.02592997	0.6585494164
47100	1998	0	79.4610701	0.6621755842
47200	1998	0	79.19540383	0.6599616986
47300	1998	0	73.49835055	0.6124862546
47400	1998	0	75.34692298	0.6278910249
47500	1998	0	79.12389586	0.6593657989
47600	1998	0	80.4672045	0.6705600375
47700	1998	0	81.14534376	0.676211198
47800	1998	0	76.05269347	0.6337724456
47900	1998	0	88.97342608	0.7414452174
48000	1998	0	84.64549937	0.7053791614
48100	1998	0	76.7274443	0.6393953691
48200	1998	0	78.63766287	0.6553138572
48300	1998	0	79.99612292	0.6666343576
48400	1998	0	68.205039	0.568375325
48500	1998	0	77.3650612	0.6447088433
48600	1998	0	83.69807942	0.6974839951
48700	1998	0	87.03705832	0.7253088193
48800	1998	0	68.11238862	0.5676032385
48900	1998	0	66.89038477	0.5574198731
49000	1998	0	72.97227297	0.6081022748
49100	1998	0	81.20387542	0.6766989618
49200	1998	0.3325974563	79.002951	0.658357925
49300	1998	0	81.34450164	0.677870847
49400	1998	0	76.99553833	0.6416294861
49500	1998	0	73.74598089	0.6145498408
49600	1998	0	75.17335324	0.6264446104
49700	1998	0	71.8660669	0.5988838908
49800	1998	0	82.76124855	0.6896770712
49900	1998	0	86.15129214	0.7179274345
50000	1998	0	81.34860842	0.6779050701
50100	1998	0	83.30500272	0.694208356
50200	1998	0	80.59399933	0.671616661
50300	1998	0	69.16647298	0.5763872748
50400	1998	0	89.72553493	0.7477127911
50500	1998	0	82.27642523	0.6856368769
50600	1998	0	87.41116574	0.7284263812
50700	1998	0	71.98296006	0.5998580005
50800	1998	0	73.51603252	0.6126336043
50900	1998	0	72.46099268	0.6038416057
51000	1998	0	71.32941324	0.594411777
51100	1998	0	77.36120782	0.6446767318
51200	1998	0	81.93115967	0.682759664
51300	1998	0	77.60109103	0.6466757586
51400	1998	0	74.95369593	0.6246141328
51500	1998	0	78.63855681	0.6553213068
51600	1998	0	79.9718707	0.6664322558
51700	1998	0	74.05037231	0.6170864359
51800	1998	0	67.44597171	0.5620497643
51900	1998	0	69.909222	0.58257685
52000	1998	0	85.2181702	0.7101514184
52100	1998	0	77.24366122	0.6436971768
52200	1998	0	89.32538133	0.7443781778
52300	1998	0.8406851114	73.7779817	0.6148165142
52400	1998	0	75.01584647	0.6251320539
52500	1998	0	73.44219114	0.6120182595
52600	1998	0	67.16251923	0.5596876603
52700	1998	0	77.21256413	0.6434380344
52800	1998	0	80.27233947	0.6689361623
52900	1998	0	77.40256385	0.6450213654
53000	1998	0	83.917244	0.6993103667
53100	1998	0	74.45652061	0.6204710051
53200	1998	0	86.09976676	0.7174980564
53300	1998	0.001109544169	82.7456836	0.6895473633
53400	1998	0	74.12098633	0.617674886
53500	1998	0	72.24043828	0.6020036523
53600	1998	0	80.83753818	0.6736461515
53700	1998	0	82.8888457	0.6907403809
53800	1998	0	92.40521025	0.7700434188
53900	1998	0	74.9547345	0.6246227875
54000	1998	0	75.15421675	0.6262851396
54100	1998	0	81.79922216	0.6816601847
54200	1998	0	68.57144625	0.5714287187
54300	1998	0	62.53976245	0.5211646871
54400	1998	0	77.37718566	0.6448098805
54500	1998	0	68.45495608	0.5704579674
54600	1998	0	69.64245569	0.5803537974
54700	1998	0	79.23947233	0.6603289361
54800	1998	0	83.68991456	0.6974159546
54900	1998	0	81.08518903	0.6757099086
55000	1998	0	74.8501012	0.6237508433
55100	1998	0	82.01590973	0.6834659144
55200	1998	0	72.23061824	0.6019218187
55300	1998	0	73.96935479	0.6164112899
55400	1998	0	75.20252755	0.6266877296
55500	1998	0	71.83135893	0.5985946577
55600	1998	0	79.90058339	0.6658381949
55700	1998	0	72.94777002	0.6078980835
55800	1998	0	78.7812535	0.6565104458
55900	1998	0	79.75622661	0.6646352217
56000	1998	0	89.46936571	0.7455780476
56100	1998	0.0733299997	96.75281763	0.8062734803
56200	1998	0	80.68225042	0.6723520868
56300	1998	0	82.78300452	0.689858371
56400	1998	0	75.39873926	0.6283228272
56500	1998	0	73.44277706	0.6120231421
56600	1998	0	72.32075514	0.6026729595
56700	1998	0.0007403659433	89.15566421	0.7429638684
56800	1998	0	91.39878976	0.7616565813
56900	1998	0	83.67537551	0.6972947959
57000	1998	0	80.20443199	0.6683702666
57100	1998	0	91.47511694	0.7622926412
57200	1998	0.4674194233	80.91850688	0.6743208907
57300	1998	0.07404794662	76.59372466	0.6382810389
57400	1998	0	83.07786689	0.6923155574
57500	1998	0	70.50879825	0.5875733187
57600	1998	0	71.15607977	0.5929673315
57700	1998	0	72.79005616	0.6065838014
57800	1998	0	80.5800832	0.6715006934
57900	1998	0	77.55730721	0.6463108934
58000	1998	0	74.54049683	0.6211708069
58100	1998	0	84.768003	0.706400025
58200	1998	0	82.4954587	0.6874621558
58300	1998	0	70.89922834	0.5908269028
58400	1998	0	81.77072735	0.6814227279
58500	1998	0	77.14908074	0.6429090062
58600	1998	0	79.64912769	0.6637427307
58700	1998	0	76.33648586	0.6361373822
58800	1998	0	76.60616157	0.6383846797
58900	1998	0	83.36076171	0.6946730143
59000	1998	0	78.10888553	0.6509073794
59100	1998	0	74.698469	0.6224872417
59200	1998	0	76.06664822	0.6338887351
59300	1998	0.387039642	69.43426446	0.5786188705
59400	1998	0	74.31535985	0.6192946654
59500	1998	0	80.69676604	0.6724730503
59600	1998	0	72.92454285	0.6077045238
59700	1998	0	72.35319727	0.6029433106
59800	1998	0	79.39771345	0.6616476121
59900	1998	0	76.30906354	0.6359088629
60000	1998	0	69.26632008	0.577219334
60100	1998	0	77.67591754	0.6472993128
60200	1998	0	74.75328725	0.6229440604
60300	1998	0	88.13379445	0.7344482871
60400	1998	1.27969082	87.21314481	0.7267762068
60500	1998	0	79.67505753	0.6639588128
60600	1998	0	81.33264003	0.6777720003
60700	1998	0	90.26492998	0.7522077498
60800	1998	0	80.40333691	0.6700278076
60900	1998	0	80.58846679	0.6715705566
61000	1998	0	78.81597092	0.6567997577
61100	1998	0	83.93050735	0.6994208946
61200	1998	0	86.60996149	0.7217496791
61300	1998	0	74.87081339	0.6239234449
61400	1998	0	76.88846669	0.6407372224
61500	1998	0	69.91557184	0.5826297653
61600	1998	0	94.26472791	0.7855393993
61700	1998	0	75.81093767	0.6317578139
61800	1998	0	83.99446003	0.6999538336
61900	1998	0	80.39424597	0.6699520497
62000	1998	0	87.77237733	0.7314364778
62100	1998	0	82.11825505	0.6843187921
62200	1998	0	83.97832886	0.6998194072
62300	1998	0	93.59762876	0.7799802396
62400	1998	0	86.21897055	0.7184914213
62500	1998	0	86.04181195	0.7170150996
62600	1998	0	78.47232386	0.6539360322
62700	1998	0	72.79520108	0.6066266756
62800	1998	0	74.16945721	0.61807881
62900	1998	0	77.03053182	0.6419210985
63000	1998	0	83.00859459	0.6917382883
63100	1998	0	100.4217336	0.8368477801
63200	1998	0	83.70339666	0.6975283055
63300	1998	0	82.17647692	0.6848039744
63400	1998	0	90.39816858	0.7533180715
63500	1998	0	81.35068253	0.6779223544
63600	1998	0	74.4869929	0.6207249408
63700	1998	0	84.68400745	0.7057000621
63800	1998	0	84.22307163	0.7018589302
63900	1998	0	78.85338418	0.6571115349
64000	1998	0	78.91390751	0.6576158959
64100	1998	0	76.45287497	0.6371072914
64200	1998	0	76.54923501	0.6379102917
64300	1998	0	77.37147252	0.644762271
64400	1998	0	82.44476781	0.6870397318
64500	1998	0	75.09032604	0.625752717
64600	1998	0	86.10211912	0.7175176593
64700	1998	0	93.1220522	0.7760171016
64800	1998	0	85.9853664	0.71654472
64900	1998	0	81.12973129	0.6760810941
65000	1998	0	78.61785785	0.6551488154
65100	1998	0	74.87591549	0.6239659624
65200	1998	0	73.27431073	0.6106192561
65300	1998	0	86.50740624	0.720895052
65400	1998	0	86.93225092	0.7244354243
65500	1998	0	80.31475332	0.669289611
65600	1998	0	76.31487388	0.6359572823
65700	1998	0	72.3927164	0.6032726367
65800	1998	0	69.97686268	0.5831405223
65900	1998	0	76.07909384	0.6339924487
66000	1998	0	91.90974253	0.7659145211
66100	1998	0	84.57552792	0.704796066
66200	1998	0	69.57064301	0.5797553584
66300	1998	0	68.01171326	0.5667642772
66400	1998	0	69.43607075	0.578633923
66500	1998	0	69.33010863	0.5777509052
66600	1998	0	71.1259585	0.5927163208
66700	1998	0	79.68135865	0.6640113221
66800	1998	0	79.66818295	0.6639015246
66900	1998	0	82.51848304	0.6876540254
67000	1998	0	93.00007166	0.7750005972
67100	1998	0	85.79948741	0.7149957284
67200	1998	0	80.18382958	0.6681985798
67300	1998	0	81.82662593	0.6818885494
67400	1998	0	92.92167432	0.774347286
67500	1998	0	92.8749328	0.7739577733
67600	1998	0	77.89003691	0.6490836409
67700	1998	0	76.90300778	0.6408583982
67800	1998	0	74.61976394	0.6218313661
67900	1998	0	80.45432751	0.6704527292
68000	1998	0	83.55487092	0.696290591
68100	1998	0	75.98265689	0.6331888074
68200	1998	0	90.21394787	0.7517828989
68300	1998	1.192704128	74.93060023	0.6244216686
68400	1998	0	75.58627628	0.6298856357
68500	1998	0	80.72960036	0.6727466697
68600	1998	0	73.55875806	0.6129896505
68700	1998	0	68.07173117	0.5672644265
68800	1998	0	70.01043172	0.5834202643
68900	1998	0	70.75424721	0.5896187268
69000	1998	0	66.97940753	0.5581617294
69100	1998	0	77.10627615	0.6425523013
69200	1998	0	77.13918026	0.6428265022
69300	1998	0	81.04492574	0.6753743812
69400	1998	0	87.1380152	0.7261501266
69500	1998	0	71.87661875	0.5989718229
69600	1998	0	89.61426139	0.7467855116
69700	1998	0	94.85964705	0.7904970587
69800	1998	0	78.9238826	0.6576990217
69900	1998	0	85.42710769	0.7118925641
70000	1998	0	90.02271269	0.7501892724
70100	1998	0	80.44971395	0.6704142829
70200	1998	0	79.05671894	0.6588059912
70300	1998	0	85.23895313	0.7103246094
70400	1998	0	90.31881774	0.7526568145
70500	1998	0	87.68371739	0.7306976449
70600	1998	0	76.13486487	0.6344572072
70700	1998	0	62.86787035	0.5238989196
70800	1998	0	71.16892515	0.5930743763
70900	1998	0	80.59831694	0.6716526412
71000	1998	0	70.27866473	0.5856555394
71100	1998	0	67.89872115	0.5658226762
71200	1998	0	68.35179895	0.5695983246
71300	1998	0	65.01765553	0.5418137961
71400	1998	0	80.1940735	0.6682839458
71500	1998	0	66.25861218	0.5521551015
71600	1998	0	69.93592842	0.5827994035
71700	1998	0	74.20681826	0.6183901522
71800	1998	0	69.24515259	0.5770429383
71900	1998	0	74.62317309	0.6218597758
72000	1998	0	69.43432276	0.5786193563
72100	1998	0.002553147714	62.45816009	0.5204846675
72200	1998	0.3375374182	68.91222924	0.574268577
72300	1998	0	68.06397224	0.5671997687
72400	1998	0	69.13972968	0.576164414
72500	1998	0	77.03533422	0.6419611185
72600	1998	0	83.8013726	0.6983447717
72700	1998	0	78.02801952	0.650233496
72800	1998	0	61.43313973	0.5119428311
72900	1998	0	75.14175662	0.6261813052
73000	1998	0	92.90939655	0.7742449712
73100	1998	0	74.98204474	0.6248503729
73200	1998	0	66.20912218	0.5517426848
73300	1998	0	60.26026312	0.5021688593
73400	1998	0	67.21894362	0.5601578635
73500	1998	0	69.27094516	0.5772578763
73600	1998	0	65.9506455	0.5495887125
73700	1998	0	68.72870492	0.5727392077
73800	1998	0	72.22941955	0.6019118295
73900	1998	0	68.9211781	0.5743431508
74000	1998	0	85.44404523	0.7120337102
74100	1998	0	78.99260418	0.6582717015
74200	1998	0	80.74795295	0.6728996079
74300	1998	0	69.5031863	0.5791932192
74400	1998	0	77.8361608	0.6486346733
74500	1998	0	68.95449973	0.5746208311
74600	1998	0	67.61673073	0.5634727561
74700	1998	0	76.96923601	0.6414103001
74800	1998	0	83.62444861	0.6968704051
74900	1998	0	80.77359567	0.6731132972
75000	1998	0	64.4705897	0.5372549142
75100	1998	0	78.38909418	0.6532424515
75200	1998	0	78.60478692	0.655039891
75300	1998	0	70.94367261	0.5911972717
75400	1998	0	71.21806684	0.5934838904
75500	1998	0	69.77590221	0.5814658518
75600	1998	0	65.33975918	0.5444979932
75700	1998	0	59.83732101	0.4986443417
75800	1998	0	66.19069471	0.5515891226
75900	1998	0	75.36234842	0.6280195702
76000	1998	0	83.70880359	0.6975733632
76100	1998	0	61.7979006	0.514982505
76200	1998	0	67.97491961	0.5664576634
76300	1998	0	64.59730712	0.5383108927
76400	1998	0	62.18980031	0.5182483359
76500	1998	0	66.74450499	0.5562042082
76600	1998	0	68.54467845	0.5712056538
76700	1998	0	67.26916868	0.5605764057
76800	1998	0	74.65534165	0.6221278471
76900	1998	0	67.98898114	0.5665748429
77000	1998	0	70.34041422	0.5861701185
77100	1998	0	70.31508286	0.5859590238
77200	1998	0	71.86248631	0.5988540526
77300	1998	0	73.06507794	0.6088756495
77400	1998	0	68.69050955	0.5724209129
77500	1998	0	61.39742666	0.5116452222
77600	1998	0	67.21953629	0.5601628024
77700	1998	0	79.74612008	0.6645510007
77800	1998	0	77.25537765	0.6437948137
77900	1998	0	82.63896463	0.6886580385
78000	1998	0	79.56616942	0.6630514118
78100	1998	0	80.31785105	0.6693154254
78200	1998	0	75.33695336	0.6278079446
78300	1998	0	85.33914203	0.7111595169
78400	1998	0	85.84399899	0.7153666582
78500	1998	0	79.60529525	0.6633774605
78600	1998	0	73.15563353	0.6096302794
78700	1998	0	76.88018122	0.6406681768
78800	1998	0	67.84447004	0.5653705837
78900	1998	0	71.645495	0.5970457916
79000	1998	0	81.65601254	0.6804667712
79100	1998	0	83.02851845	0.6919043205
79200	1998	0	75.56222069	0.6296851724
79300	1998	0	75.01142748	0.625095229
79400	1998	0	73.32713958	0.6110594965
79500	1998	0	67.61978442	0.5634982035
79600	1998	0	71.50091611	0.5958409676
79700	1998	0	82.8425957	0.6903549642
79800	1998	0	75.80583152	0.6317152627
79900	1998	0	83.62328442	0.6968607035
80000	1998	0	101.6020013	0.8466833443
80100	1998	0	87.6758913	0.7306324275
80200	1998	0	86.80683176	0.7233902647
80300	1998	0	82.38152493	0.6865127078
80400	1998	0	80.68021222	0.6723351019
80500	1998	0	72.9219293	0.6076827442
80600	1998	0	66.46923783	0.5539103152
80700	1998	0	67.36211433	0.5613509527
80800	1998	0	70.82787381	0.5902322817
80900	1998	0	74.01453904	0.6167878254
81000	1998	0.5505906574	83.12414609	0.6927012174
81100	1998	0	90.482986	0.7540248833
81200	1998	0	89.56378622	0.7463648852
81300	1998	0	81.83211922	0.6819343268
81400	1998	0.09934299543	86.09232842	0.7174360701
81500	1998	0	72.76775342	0.6063979452
81600	1998	0	85.51267558	0.7126056299
81700	1998	0	82.29755577	0.6858129648
81800	1998	0	83.65325739	0.6971104782
81900	1998	0	89.56054262	0.7463378552
82000	1998	0	101.4574274	0.845478562
82100	1998	0	92.8590324	0.77382527
82200	1998	0	92.99655603	0.7749713003
82300	1998	0	77.81744972	0.6484787477
82400	1998	0.007528753723	79.85062027	0.6654218356
82500	1998	0.04429226143	76.64233856	0.6386861546
82600	1998	0.006073347169	71.42602871	0.5952169059
82700	1998	0.6455014679	67.98959564	0.5665799637
82800	1998	0	76.19805672	0.634983806
82900	1998	0	84.3046506	0.702538755
83000	1998	0	78.54862459	0.6545718716
83100	1998	0	83.4570694	0.6954755783
83200	1998	0	75.25764957	0.6271470798
83300	1998	0.02864691149	61.77266627	0.514772219
83400	1998	0.06567253673	67.30943589	0.5609119658
83500	1998	0	73.49765491	0.6124804576
83600	1998	0	73.58824778	0.6132353982
83700	1998	0	68.91160012	0.5742633343
83800	1998	0	70.92630371	0.5910525309
83900	1998	0	75.76471511	0.6313726259
84000	1998	0	62.88574023	0.5240478353
84100	1998	0	63.52790703	0.5293992252
84200	1998	0.2509754439	72.26624504	0.6022187086
84300	1998	0	72.8485375	0.6070711458
84400	1998	0	73.23083372	0.6102569477
84500	1998	0	70.01459221	0.5834549351
84600	1998	0	79.82516297	0.6652096914
84700	1998	0.09333976918	74.01305979	0.6167754983
84800	1998	0.2678968696	76.68889382	0.6390741152
84900	1998	0.2626344087	68.00533541	0.5667111284
85000	1998	0.4684219291	73.55426063	0.6129521719
85100	1998	0.2403091987	67.11383232	0.559281936
85200	1998	0.04080118266	70.47351626	0.5872793022
85300	1998	2.504150773	78.85985183	0.6571654319
85400	1998	0.2415443856	70.9840951	0.5915341259
85500	1998	0.4310330369	73.88354541	0.6156962118
85600	1998	0.03898557937	86.02862	0.7169051667
85700	1998	0.3917423742	78.71442904	0.6559535753
85800	1998	0	78.53004848	0.6544170707
85900	1998	0	80.34993996	0.669582833
86000	1998	0	74.31568191	0.6192973492
86100	1998	0	72.62935203	0.6052446003
86200	1998	0	80.03428541	0.6669523784
86300	1998	0	78.08091372	0.650674281
86400	1998	0	91.66639285	0.7638866071
86500	1998	0	86.36234547	0.7196862123
86600	1998	0	73.66830634	0.6139025528
86700	1998	0	78.75966283	0.6563305236
86800	1998	0	79.98263189	0.6665219324
86900	1998	0	85.94463213	0.7162052678
87000	1998	0	74.46748611	0.6205623843
87100	1998	0	76.16941007	0.6347450839
87200	1998	0	78.92775368	0.6577312806
87300	1998	0	78.95460325	0.6579550271
87400	1998	0	85.35143147	0.7112619289
87500	1998	0	79.63221675	0.6636018062
87600	1998	0	84.18508513	0.7015423761
87700	1998	0	82.66383069	0.6888652558
87800	1998	0	77.41967728	0.6451639773
87900	1998	0	65.46067776	0.545505648
88000	1998	0	81.80508355	0.6817090296
88100	1998	0	71.55796103	0.5963163419
88200	1998	0	75.67795742	0.6306496452
88300	1998	0	81.3120203	0.6776001692
88400	1998	0	83.95128886	0.6995940738
88500	1998	0	89.16477275	0.7430397729
88600	1998	0	75.01685574	0.6251404645
88700	1998	0	78.21343209	0.6517786007
88800	1998	0	65.36869358	0.5447391131
88900	1998	0	65.57751405	0.5464792838
89000	1998	0	74.14377212	0.6178647677
89100	1998	0	77.87595235	0.6489662696
89200	1998	0	90.62930191	0.7552441826
89300	1998	0	80.28024995	0.6690020829
89400	1998	0	68.93607016	0.5744672513
89500	1998	0	74.25225357	0.6187687797
89600	1998	0	72.81124161	0.6067603467
89700	1998	0	82.37619699	0.6864683082
89800	1998	0.1651301213	79.4102026	0.6617516883
89900	1998	0	87.55735186	0.7296445988
90000	1998	0	82.1702357	0.6847519642
90100	1998	0	83.70047097	0.6975039247
90200	1998	0	80.89753463	0.6741461219
90300	1998	0	78.76755505	0.6563962921
90400	1998	0	85.01549522	0.7084624601
90500	1998	0	80.74312395	0.6728593663
90600	1998	0	68.2345853	0.5686215442
90700	1998	0	73.10588189	0.6092156824
90800	1998	0	75.85872887	0.632156074
90900	1998	0	75.46354128	0.628862844
91000	1998	0	89.39794878	0.7449829065
91100	1998	0	83.29864744	0.6941553953
91200	1998	0	85.64167416	0.713680618
91300	1998	0	76.59329477	0.6382774565
91400	1998	0	60.50784483	0.5042320403
91500	1998	0	68.99444211	0.5749536842
91600	1998	0	74.914527	0.624287725
91700	1998	0	82.62380858	0.6885317382
91800	1998	0	83.8077084	0.69839757
91900	1998	0	75.62212667	0.6301843889
92000	1998	0	75.9387652	0.6328230433
92100	1998	0	85.10039927	0.7091699939
92200	1998	0	74.95657781	0.6246381484
92300	1998	0	83.52404198	0.6960336832
92400	1998	0	73.03583112	0.608631926
92500	1998	0	77.85683874	0.6488069895
92600	1998	0	87.28407189	0.7273672657
92700	1998	0	80.78725352	0.6732271127
92800	1998	0	87.43044615	0.7285870512
92900	1998	0	73.90610573	0.6158842144
93000	1998	0	71.5848249	0.5965402075
93100	1998	0	80.10464401	0.6675387001
93200	1998	0	77.58782116	0.6465651763
93300	1998	0	74.2287123	0.6185726025
93400	1998	0	65.77845918	0.5481538265
93500	1998	0	77.38960557	0.6449133797
93600	1998	0	79.28934392	0.6607445327
93700	1998	0	78.58325125	0.6548604271
93800	1998	0	83.98162959	0.6998469132
93900	1998	0	70.12630239	0.5843858532
94000	1998	0	81.92414363	0.682701197
94100	1998	0	80.0902607	0.6674188391
94200	1998	2.745719336	86.76492418	0.7230410348
94300	1998	0	86.49976687	0.7208313906
94400	1998	0	77.13415496	0.6427846246
94500	1998	0	75.37875231	0.6281562693
94600	1998	0	69.52152561	0.5793460468
94700	1998	0	81.63242305	0.6802701921
94800	1998	0	84.48777667	0.7040648056
94900	1998	0	78.90767691	0.6575639743
95000	1998	0	79.12100471	0.6593417059
95100	1998	0	70.51181417	0.5875984514
95200	1998	0	66.05388192	0.550449016
95300	1998	0.005411800061	64.64421783	0.5387018152
95400	1998	0	63.40778196	0.528398183
95500	1998	0	59.31009401	0.4942507834
95600	1998	0	60.26029773	0.5021691478
95700	1998	0	73.97619054	0.6164682545
95800	1998	0	76.38011905	0.6365009921
95900	1998	0	63.16969211	0.5264141009
96000	1998	0	86.88468791	0.7240390659
96100	1998	0	72.65085069	0.6054237558
96200	1998	0	83.76719061	0.6980599217
96300	1998	0	69.55558029	0.5796298357
96400	1998	0	64.32062681	0.5360052234
96500	1998	0	76.3781247	0.6364843725
96600	1998	0	72.68707654	0.6057256379
96700	1998	0	87.49455075	0.7291212562
96800	1998	0	83.68012705	0.697334392
96900	1998	0	70.50914985	0.5875762487
97000	1998	0.01295659128	67.66806677	0.5639005564
97100	1998	0	72.18052717	0.6015043931
97200	1998	0	72.85496733	0.6071247278
97300	1998	0	78.07185398	0.6505987831
97400	1998	0	77.8471054	0.6487258783
97500	1998	0	83.83210411	0.6986008675
97600	1998	0	82.94225808	0.691185484
97700	1998	0	81.41213204	0.6784344337
97800	1998	0	75.61802989	0.6301502491
97900	1998	0	80.1807086	0.6681725716
98000	1998	0.0421233125	82.85309523	0.6904424602
98100	1998	0	69.29368195	0.5774473496
98200	1998	0	75.88649576	0.6323874647
98300	1998	0	79.09821321	0.6591517767
98400	1998	0	81.05293171	0.6754410976
98500	1998	0	81.60910195	0.6800758496
98600	1998	0	81.0453138	0.675377615
98700	1998	0	74.63258273	0.6219381894
98800	1998	0	85.20635244	0.710052937
98900	1998	0	78.99233585	0.6582694654
99000	1998	0	80.92045606	0.6743371339
99100	1998	0	69.03137822	0.5752614852
99200	1998	0	66.37025	0.5530854166
99300	1998	0	65.81658222	0.5484715185
99400	1998	0	72.38320274	0.6031933562
99500	1998	0	79.43432779	0.6619527316
99600	1998	0.06595697785	83.90830426	0.6992358688
99700	1998	0	84.29778288	0.702481524
99800	1998	0	79.46548704	0.662212392
99900	1998	0	89.83582328	0.7486318607
